291988285953409025
291988285953409026
291988285953409027
291988285953409028
291988285953409029
291988285953409030
291988285953409031
291988285953409032
291988285953409033
291988285953409034
291988285953409035
291988285953409036
291988285953409037
291988285953409038
291988285953409039
291988285953409040
291988285953409041
291988285953409042
291988285953409043
291988285953409044
291988285953409045
291988285953409046
291988285953409047
291988285953409048
291988285953409049
291988285953409050
291988285953409051
291988285953409052
291988285953409053
291988285953409054
291988285953409055
291988285953409056
291988285953409057
291988285953409058
291988285953409059
291988285953409060
291988285953409061
291988285953409062
291988285953409063
291988285953409064
291988285953409065
291988285953409066
291988285953409067
291988285953409068
291988285953409069
291988285953409070
291988285953409071
291988285953409072
291988285953409073
291988285953409074
291988285953409075
291988285953409025
291988285953409076
291988285953409077
291988285953409078
291988285953409079
291988285953409080
291988285953409081
291988285953409082
291988285953409083
291988285953409084
291988285953409085
291988285953409086
291988285953409087
291988285953409088
291988285953409089
291988285953409090
291988285953409091
291988285953409092
291988285953409093
291988285953409094
291988285953409095
291988285953409096
291988285953409097
291988285953409098
291988285953409099
291988285953409100
291988285953409101
291988285953409102
291988285953409103
291988285953409104
291988285953409105
291988285953409106
291988285953409107
291988285953409108
291988285953409109
291988285953409110
291988285953409111
291988285953409112
291988285953409113
291988285953409114
291988285953409115
291988285953409116
291988285953409117
291988285953409118
291988285953409119
291988285953409120
291988285953409121
291988285953409122
291988285953409123
291988285953409124
291988285953409125
291988285953409126
291988285953409127
291988285953409128
291988285953409129
291988285953409130
291988285953409131
291988285953409132
291988285953409133
291988285953409134
291988285953409135
291988285953409136
291988285953409137
291988285953409138
291988285953409139
291988285953409140
291988285953409141
291988285953409142
291988285953409143
291988285953409144
291988285953409145
291988285953409146
291988285953409147
291988285953409148
291988285953409149
291988285953409150
291988285953409151
291988285953409152
291988285953409153
291988285953409154
291988285953409155
291988285953409156
291988285953409157
291988285953409158
291988285953409159
291988285953409160
291988285953409161
291988285953409162
291988285953409163
291988285953409164
291988285953409165
291988285953409166
291988285953409167
291988285953409168
291988285953409169
291988285953409170
291988285953409171
291988285953409172
291988285953409173
291988285953409174
291988285953409175
291988285953409176
291988285953409177
291988285953409178
291988285953409179
291988285953409180
291988285953409181
291988285953409182
291988285953409183
291988285953409184
291988285953409185
291988285953409186
291988285953409187
291988285953409188
291988285953409189
291988285953409190
291988285953409191
291988285953409192
291988285953409193
291988285953409194
291988285953409195
291988285953409196
291988285953409197
291988285953409198
291988285953409199
291988285953409200
291988285953409201
291988285953409202
291988285953409203
291988285953409204
291988285953409205
291988285953409206
291988285953409207
291988285953409208
291988285953409209
291988285953409210
291988285953409211
291988285953409212
291988285953409213
291988285953409214
291988285953409215
291988285953409216
291988285953409217
291988285953409218
291988285953409219
291988285953409220
291988285953409221
291988285953409222
291988285953409223
291988285953409224
291988285953409225
291988285953409226
291988285953409227
291988285953409228
291988285953409229
291988285953409230
291988285953409231
291988285953409232
291988285953409233
291988285953409234
291988285953409235
291988285953409236
291988285953409237
291988285953409238
291988285953409239
291988285953409240
291988285953409241
291988285953409242
291988285953409243
291988285953409244
291988285953409245
291988285953409246
291988285953409247
291988285953409248
291988285953409249
291988285953409250
291988285953409251
291988285953409252
291988285953409253
291988285953409254
291988285953409255
291988285953409256
291988285953409257
291988285953409258
291988285953409259
291988285953409260
291988285953409261
291988285953409262
291988285953409263
291988285953409264
291988285953409265
291988285953409266
291988285953409267
291988285953409268
291988285953409269
291988285953409270
291988285953409271
291988285953409272
291988285953409273
291988285953409274
291988285953409275
291988285953409276
291988285953409277
291988285953409278
291988285953409279
291988285953409280
291988285953409281
291988285953409282
291988285953409283
291988285953409284
291988285953409285
291988285953409286
291988285953409287
291988285953409288
291988285953409289
291988285953409290
291988285953409291
291988285953409292
291988285953409293
291988285953409294
291988285953409295
291988285953409296
291988285953409297
291988285953409298
291988285953409299
291988285953409300
291988285953409301
291988285953409302
291988285953409303
291988285953409304
291988285953409305
291988285953409306
291988285953409307
291988285953409308
291988285953409309
291988285953409310
291988285953409311
291988285953409312
291988285953409313
291988285953409314
291988285953409315
291988285953409316
291988285953409317
291988285953409318
291988285953409319
291988285953409320
291988285953409321
291988285953409322
291988285953409323
291988285953409324
291988285953409325
291988285953409326
291988285953409327
291988285953409328
291988285953409329
291988285953409330
291988285953409331
291988285953409332
291988285953409333
291988285953409334
291988285953409335
291988285953409336
291988285953409337
291988285953409338
291988285953409339
291988285953409340
291988285953409341
291988285953409342
291988285953409343
291988285953409344
291988285953409345
291988285953409346
291988285953409347
291988285953409348
291988285953409349
291988285953409350
291988285953409351
291988285953409352
291988285953409353
291988285953409354
291988285953409355
291988285953409356
291988285953409357
291988285953409358
291988285953409359
291988285953409360
291988285953409361
291988285953409362
291988285953409363
291988285953409364
291988285953409365
291988285953409366
291988285953409367
291988285953409368
291988285953409369
291988285953409370
291988285953409371
291988285953409372
291988285953409373
291988285953409374
291988285953409375
291988285953409376
291988285953409377
291988285953409378
291988285953409379
291988285953409380
291988285953409381
291988285953409382
291988285953409383
291988285953409384
291988285953409385
291988285953409386
291988285953409387
291988285953409388
291988285953409389
291988285953409390
291988285953409391
291988285953409392
291988285953409393
291988285953409394
291988285953409395
291988285953409396
291988285953409397
291988285953409398
291988285953409399
291988285953409400
291988285953409401
291988285953409402
291988285953409403
291988285953409404
291988285953409405
291988285953409406
291988285953409407
291988285953409408
291988285953409409
291988285953409410
291988285953409411
291988285953409412
291988285953409413
291988285953409414
291988285953409415
291988285953409416
291988285953409417
291988285953409418
291988285953409419
291988285953409420
291988285953409421
291988285953409422
291988285953409423
291988285953409424
291988285953409425
291988285953409426
291988285953409427
291988285953409428
291988285953409429
291988285953409430
291988285953409431
291988285953409432
291988285953409433
291988285953409434
291988285953409435
291988285953409436
291988285953409437
291988285953409438
291988285953409439
291988285953409440
291988285953409441
291988285953409442
291988285953409443
291988285953409444
291988285953409445
291988285953409446
291988285953409447
291988285953409448
291988285953409449
291988285953409450
291988285953409451
291988285953409452
291988285953409453
291988285953409454
291988285953409455
291988285953409456
291988285953409457
291988285953409458
291988285957603328
291988285957603329
291988285957603330
291988285957603331
291988285957603332
291988285957603333
291988285957603334
291988285957603335
291988285957603336
291988285957603337
291988285957603338
291988285957603339
291988285957603340
291988285957603341
291988285957603342
291988285957603343
291988285957603344
291988285957603345
291988285957603346
291988285957603347
291988285957603348
291988285957603349
291988285957603350
291988285957603351
291988285957603352
291988285957603353
291988285957603354
291988285957603355
291988285957603356
291988285957603357
291988285957603358
291988285957603359
291988285957603360
291988285957603361
291988285957603362
291988285957603363
291988285957603364
291988285957603365
291988285957603366
291988285957603367
291988285957603368
291988285957603369
291988285957603370
291988285957603371
291988285957603372
291988285957603373
291988285957603374
291988285957603375
291988285957603376
291988285957603377
291988285957603378
291988285957603379
291988285957603380
291988285957603381
291988285957603382
291988285957603383
291988285957603384
291988285957603385
291988285957603386
291988285957603387
291988285957603388
291988285957603389
291988285957603390
291988285957603391
291988285957603392
291988285957603393
291988285957603394
291988285957603395
291988285957603396
291988285957603397
291988285957603398
291988285957603399
291988285957603400
291988285957603401
291988285957603402
291988285957603403
291988285957603404
291988285957603405
291988285957603406
291988285957603407
291988285957603408
291988285957603409
291988285957603410
291988285957603411
291988285957603412
291988285957603413
291988285957603414
291988285957603415